61

2
3
31
33710477
33710489
33710497
33710513
33710527
33710531
33710543
33710549
33710591
33710639
33710647
33710657
33710659
33710681
33710683
33710689
33710713
33710717
33710723
33710477
33710489
33710497
33710513
33710527
33710531
33710543
33710549
33710591
33710639
33710647
33710657
33710659
33710681
33710683
33710689
33710713
33710717
33710723
33710477
33710489
33710497
33710513
33710527
33710531
33710543
33710549
33710591
33710639
33710647
33710657
33710659
33710681
33710683
33710689
33710713
33710717
33710723
63